41
0 0 5 0.2093
0 5 6 0.4673
0 6 7 0.7561
0 2 7 0.1711
0 7 8 0.6368
0 8 9 0.5495
0 9 10 0.5934
0 1 10 0.7077
0 7 11 0.7071
0 11 12 0.0081
0 12 13 0.1486
0 13 14 0.3391
0 14 15 0.4133
0 15 16 0.9346
0 16 17 0.1035
0 17 18 0.6162
0 18 19 0.349
0 3 19 0.8653
0 5 20 0.2746
0 4 20 0.9717
1 0 4294967295 0.4619
1 5 4294967295 0.6036
1 6 4294967295 0.7083
1 7 4294967295 0.875
1 2 4294967295 1.7433
1 8 4294967295 0.1469
1 9 4294967295 0.1495
1 10 4294967295 0.0283
1 1 4294967295 1.8372
1 11 4294967295 0.1686
1 12 4294967295 0.3142
1 13 4294967295 0.6139
1 14 4294967295 0.8684
1 15 4294967295 0.5742
1 16 4294967295 0.1732
1 17 4294967295 0.4633
1 18 4294967295 0.1384
1 19 4294967295 0.8989
1 3 4294967295 1.9045
1 20 4294967295 0.2491
1 4 4294967295 1.9592
1
